&CONTROL
  calculation = 'bands'
  prefix = 'KVCr_bp'
  outdir = '/tmp/scratch/KVCr_bp'
  pseudo_dir = '/data/pseudo/dojo_sr'
  tstress = .false.
  tprnfor = .false.
  disk_io = 'low'
  verbosity = 'high'
/
&SYSTEM
  ibrav = 0
  nat = 15
  ntyp = 5
  ecutwfc = 110.0
  ecutrho = 440.0
  occupations = 'smearing'
  smearing = 'gaussian'
  degauss = 0.005
  nspin = 2
  nbnd = 81
  starting_magnetization(1) = 0.0000
  starting_magnetization(2) = -0.2308
  starting_magnetization(3) = 0.2143
  starting_magnetization(4) = 0.0000
  starting_magnetization(5) = 0.0000
/
&ELECTRONS
  conv_thr = 1.5d-07
  mixing_beta = 0.3
  electron_maxstep = 300
  mixing_mode = 'local-TF'
  diago_full_acc = .true.
/
ATOMIC_SPECIES
  K 39.0983 K.upf
  V 50.9415 V.upf
  Cr 51.9961 Cr.upf
  C 12.0110 C.upf
  N 14.0070 N.upf
CELL_PARAMETERS angstrom
  0.0000000000 5.3399591550 5.3399591550
  5.3399591550 0.0000000000 5.3399591550
  5.3399591550 5.3399591550 0.0000000000
ATOMIC_POSITIONS crystal
  K 0.2500000000 0.2500000000 0.2500000000
  V 0.0000000000 0.0000000000 0.0000000000
  Cr 0.5000000000 0.5000000000 0.5000000000
  C 0.6928391408 0.3071608592 0.3071608592
  C 0.3071608592 0.6928391408 0.6928391408
  C 0.3071608592 0.6928391408 0.3071608592
  C 0.6928391408 0.3071608592 0.6928391408
  C 0.3071608592 0.3071608592 0.6928391408
  C 0.6928391408 0.6928391408 0.3071608592
  N 0.8022412175 0.1977587825 0.1977587825
  N 0.1977587825 0.8022412175 0.8022412175
  N 0.1977587825 0.8022412175 0.1977587825
  N 0.8022412175 0.1977587825 0.8022412175
  N 0.1977587825 0.1977587825 0.8022412175
  N 0.8022412175 0.8022412175 0.1977587825
K_POINTS crystal
  152
  0.0000000000 0.0000000000 0.0000000000 1.0
  0.0208333333 0.0000000000 0.0208333333 1.0
  0.0416666667 0.0000000000 0.0416666667 1.0
  0.0625000000 0.0000000000 0.0625000000 1.0
  0.0833333333 0.0000000000 0.0833333333 1.0
  0.1041666667 0.0000000000 0.1041666667 1.0
  0.1250000000 0.0000000000 0.1250000000 1.0
  0.1458333333 0.0000000000 0.1458333333 1.0
  0.1666666667 0.0000000000 0.1666666667 1.0
  0.1875000000 0.0000000000 0.1875000000 1.0
  0.2083333333 0.0000000000 0.2083333333 1.0
  0.2291666667 0.0000000000 0.2291666667 1.0
  0.2500000000 0.0000000000 0.2500000000 1.0
  0.2708333333 0.0000000000 0.2708333333 1.0
  0.2916666667 0.0000000000 0.2916666667 1.0
  0.3125000000 0.0000000000 0.3125000000 1.0
  0.3333333333 0.0000000000 0.3333333333 1.0
  0.3541666667 0.0000000000 0.3541666667 1.0
  0.3750000000 0.0000000000 0.3750000000 1.0
  0.3958333333 0.0000000000 0.3958333333 1.0
  0.4166666667 0.0000000000 0.4166666667 1.0
  0.4375000000 0.0000000000 0.4375000000 1.0
  0.4583333333 0.0000000000 0.4583333333 1.0
  0.4791666667 0.0000000000 0.4791666667 1.0
  0.5000000000 0.0000000000 0.5000000000 1.0
  0.5000000000 0.0208333333 0.5208333333 1.0
  0.5000000000 0.0416666667 0.5416666667 1.0
  0.5000000000 0.0625000000 0.5625000000 1.0
  0.5000000000 0.0833333333 0.5833333333 1.0
  0.5000000000 0.1041666667 0.6041666667 1.0
  0.5000000000 0.1250000000 0.6250000000 1.0
  0.5000000000 0.1458333333 0.6458333333 1.0
  0.5000000000 0.1666666667 0.6666666667 1.0
  0.5000000000 0.1875000000 0.6875000000 1.0
  0.5000000000 0.2083333333 0.7083333333 1.0
  0.5000000000 0.2291666667 0.7291666667 1.0
  0.5000000000 0.2500000000 0.7500000000 1.0
  0.4843750000 0.2656250000 0.7500000000 1.0
  0.4687500000 0.2812500000 0.7500000000 1.0
  0.4531250000 0.2968750000 0.7500000000 1.0
  0.4375000000 0.3125000000 0.7500000000 1.0
  0.4218750000 0.3281250000 0.7500000000 1.0
  0.4062500000 0.3437500000 0.7500000000 1.0
  0.3906250000 0.3593750000 0.7500000000 1.0
  0.3750000000 0.3750000000 0.7500000000 1.0
  0.3600000000 0.3600000000 0.7200000000 1.0
  0.3450000000 0.3450000000 0.6900000000 1.0
  0.3300000000 0.3300000000 0.6600000000 1.0
  0.3150000000 0.3150000000 0.6300000000 1.0
  0.3000000000 0.3000000000 0.6000000000 1.0
  0.2850000000 0.2850000000 0.5700000000 1.0
  0.2700000000 0.2700000000 0.5400000000 1.0
  0.2550000000 0.2550000000 0.5100000000 1.0
  0.2400000000 0.2400000000 0.4800000000 1.0
  0.2250000000 0.2250000000 0.4500000000 1.0
  0.2100000000 0.2100000000 0.4200000000 1.0
  0.1950000000 0.1950000000 0.3900000000 1.0
  0.1800000000 0.1800000000 0.3600000000 1.0
  0.1650000000 0.1650000000 0.3300000000 1.0
  0.1500000000 0.1500000000 0.3000000000 1.0
  0.1350000000 0.1350000000 0.2700000000 1.0
  0.1200000000 0.1200000000 0.2400000000 1.0
  0.1050000000 0.1050000000 0.2100000000 1.0
  0.0900000000 0.0900000000 0.1800000000 1.0
  0.0750000000 0.0750000000 0.1500000000 1.0
  0.0600000000 0.0600000000 0.1200000000 1.0
  0.0450000000 0.0450000000 0.0900000000 1.0
  0.0300000000 0.0300000000 0.0600000000 1.0
  0.0150000000 0.0150000000 0.0300000000 1.0
  0.0000000000 0.0000000000 0.0000000000 1.0
  0.0250000000 0.0250000000 0.0250000000 1.0
  0.0500000000 0.0500000000 0.0500000000 1.0
  0.0750000000 0.0750000000 0.0750000000 1.0
  0.1000000000 0.1000000000 0.1000000000 1.0
  0.1250000000 0.1250000000 0.1250000000 1.0
  0.1500000000 0.1500000000 0.1500000000 1.0
  0.1750000000 0.1750000000 0.1750000000 1.0
  0.2000000000 0.2000000000 0.2000000000 1.0
  0.2250000000 0.2250000000 0.2250000000 1.0
  0.2500000000 0.2500000000 0.2500000000 1.0
  0.2750000000 0.2750000000 0.2750000000 1.0
  0.3000000000 0.3000000000 0.3000000000 1.0
  0.3250000000 0.3250000000 0.3250000000 1.0
  0.3500000000 0.3500000000 0.3500000000 1.0
  0.3750000000 0.3750000000 0.3750000000 1.0
  0.4000000000 0.4000000000 0.4000000000 1.0
  0.4250000000 0.4250000000 0.4250000000 1.0
  0.4500000000 0.4500000000 0.4500000000 1.0
  0.4750000000 0.4750000000 0.4750000000 1.0
  0.5000000000 0.5000000000 0.5000000000 1.0
  0.5089285714 0.4821428571 0.5089285714 1.0
  0.5178571429 0.4642857143 0.5178571429 1.0
  0.5267857143 0.4464285714 0.5267857143 1.0
  0.5357142857 0.4285714286 0.5357142857 1.0
  0.5446428571 0.4107142857 0.5446428571 1.0
  0.5535714286 0.3928571429 0.5535714286 1.0
  0.5625000000 0.3750000000 0.5625000000 1.0
  0.5714285714 0.3571428571 0.5714285714 1.0
  0.5803571429 0.3392857143 0.5803571429 1.0
  0.5892857143 0.3214285714 0.5892857143 1.0
  0.5982142857 0.3035714286 0.5982142857 1.0
  0.6071428571 0.2857142857 0.6071428571 1.0
  0.6160714286 0.2678571429 0.6160714286 1.0
  0.6250000000 0.2500000000 0.6250000000 1.0
  0.6093750000 0.2500000000 0.6406250000 1.0
  0.5937500000 0.2500000000 0.6562500000 1.0
  0.5781250000 0.2500000000 0.6718750000 1.0
  0.5625000000 0.2500000000 0.6875000000 1.0
  0.5468750000 0.2500000000 0.7031250000 1.0
  0.5312500000 0.2500000000 0.7187500000 1.0
  0.5156250000 0.2500000000 0.7343750000 1.0
  0.5000000000 0.2500000000 0.7500000000 1.0
  0.5000000000 0.2647058824 0.7352941176 1.0
  0.5000000000 0.2794117647 0.7205882353 1.0
  0.5000000000 0.2941176471 0.7058823529 1.0
  0.5000000000 0.3088235294 0.6911764706 1.0
  0.5000000000 0.3235294118 0.6764705882 1.0
  0.5000000000 0.3382352941 0.6617647059 1.0
  0.5000000000 0.3529411765 0.6470588235 1.0
  0.5000000000 0.3676470588 0.6323529412 1.0
  0.5000000000 0.3823529412 0.6176470588 1.0
  0.5000000000 0.3970588235 0.6029411765 1.0
  0.5000000000 0.4117647059 0.5882352941 1.0
  0.5000000000 0.4264705882 0.5735294118 1.0
  0.5000000000 0.4411764706 0.5588235294 1.0
  0.5000000000 0.4558823529 0.5441176471 1.0
  0.5000000000 0.4705882353 0.5294117647 1.0
  0.5000000000 0.4852941176 0.5147058824 1.0
  0.5000000000 0.5000000000 0.5000000000 1.0
  0.4910714286 0.4910714286 0.5178571429 1.0
  0.4821428571 0.4821428571 0.5357142857 1.0
  0.4732142857 0.4732142857 0.5535714286 1.0
  0.4642857143 0.4642857143 0.5714285714 1.0
  0.4553571429 0.4553571429 0.5892857143 1.0
  0.4464285714 0.4464285714 0.6071428571 1.0
  0.4375000000 0.4375000000 0.6250000000 1.0
  0.4285714286 0.4285714286 0.6428571429 1.0
  0.4196428571 0.4196428571 0.6607142857 1.0
  0.4107142857 0.4107142857 0.6785714286 1.0
  0.4017857143 0.4017857143 0.6964285714 1.0
  0.3928571429 0.3928571429 0.7142857143 1.0
  0.3839285714 0.3839285714 0.7321428571 1.0
  0.3750000000 0.3750000000 0.7500000000 1.0
  0.6250000000 0.2500000000 0.6250000000 1.0
  0.6093750000 0.2187500000 0.6093750000 1.0
  0.5937500000 0.1875000000 0.5937500000 1.0
  0.5781250000 0.1562500000 0.5781250000 1.0
  0.5625000000 0.1250000000 0.5625000000 1.0
  0.5468750000 0.0937500000 0.5468750000 1.0
  0.5312500000 0.0625000000 0.5312500000 1.0
  0.5156250000 0.0312500000 0.5156250000 1.0
  0.5000000000 0.0000000000 0.5000000000 1.0
HUBBARD ortho-atomic
  U V-3d 3.0
  U Cr-3d 3.0
